16 4 1 2 3 12 8 5 7 13 10 6 11 9 0 14 15
06 4 1 2 3 8 9 5 7 6 13 15 10 12 0 14 11
08 1 5 2 3 4 9 11 6 8 10 14 0 12 13 15 7
01 5 4 1 3 8 6 2 7 9 0 10 11 12 13 14 15
17 1 2 0 3 4 5 10 7 8 6 14 11 12 9 13 15
14 1 2 6 0 4 5 10 3 8 13 9 7 12 14 15 11
02 1 0 2 7 4 5 3 11 8 9 6 10 12 13 14 15
11 1 2 6 3 4 0 5 7 12 9 8 11 13 14 10 15
03 1 2 3 7 4 5 10 6 0 8 14 11 12 9 13 15
04 4 0 6 3 5 2 1 7 8 9 10 11 12 13 14 15
07 1 2 6 3 4 5 10 7 0 14 13 11 8 12 9 15
07 1 2 0 3 4 5 10 7 9 6 13 11 8 14 12 15
09 4 2 3 7 5 1 6 11 8 13 0 15 12 14 10 9
08 1 2 6 3 8 4 10 0 5 9 11 7 12 13 14 15
14 1 2 3 7 4 8 6 11 9 5 10 15 12 13 14 0
01 4 1 14 3 8 5 2 7 9 10 0 6 12 13 15 11
02 4 1 5 0 6 9 2 3 8 10 14 7 12 13 15 11
03 0 7 5 6 1 4 2 3 8 10 9 11 12 13 15 14
05 8 5 3 0 4 2 1 10 9 13 11 7 12 14 6 15
04 4 1 0 3 2 9 6 7 8 10 5 15 12 13 11 14
06 4 13 6 2 11 14 0 10 12 3 1 7 5 9 8 15
07 2 3 6 7 8 1 4 11 5 13 9 10 12 14 15 0
08 4 1 6 3 8 2 5 7 9 0 15 10 12 13 14 11
09 8 1 6 3 2 4 5 7 9 10 14 11 12 13 0 15
10 5 9 1 3 4 7 8 11 2 0 6 14 12 13 15 10
11 4 1 5 3 6 2 10 7 8 9 14 15 0 12 11 13
12 1 2 5 4 12 11 6 3 9 14 10 7 8 13 0 15
13 1 11 7 3 8 0 14 15 10 2 12 5 9 6 13 4
14 4 14 3 15 8 5 0 2 12 1 11 13 7 9 10 6
